1.000 0.196 0.163 0.058 0.072
1.000 0.841 0.143 0.038 0.047
1.000 0.954 0.477 0.033 0.037
1.000 0.916 0.506 0.063 0.063
1.000 0.762 0.363 0.035 0.054
1.000 0.661 0.313 0.038 0.049
1.000 0.697 0.377 0.037 0.069
1.000 0.663 0.359 0.022 0.044
1.000 0.577 0.486 0.071 0.087
1.000 0.569 0.559 0.101 0.090
1.000 0.674 0.547 0.065 0.065
1.000 0.398 0.353 0.049 0.054
1.000 0.542 0.227 0.037 0.067
1.000 0.185 0.477 0.083 0.105
1.000 0.161 0.550 0.051 0.065
1.000 0.213 0.659 0.045 0.067
1.000 0.450 0.772 0.029 0.053
1.000 0.457 0.454 0.091 0.143
1.000 0.321 0.342 0.040 0.050
1.000 0.293 0.395 0.034 0.051
1.000 0.530 0.131 0.040 0.071
1.000 0.682 0.909 0.024 0.075
1.000 0.297 0.600 0.056 0.111
1.000 0.365 0.607 0.138 0.317
