1.000 0.849 0.149 0.047 0.075
1.000 0.909 0.530 0.043 0.059
1.000 0.832 0.625 0.043 0.079
1.000 0.865 0.593 0.037 0.087
1.000 0.799 0.721 0.036 0.073
1.000 0.901 0.822 0.031 0.063
1.000 0.976 0.744 0.043 0.107
1.000 0.428 0.130 0.039 0.070
1.000 0.590 0.145 0.031 0.074
1.000 0.720 0.109 0.035 0.066
1.000 0.655 0.186 0.094 0.177
1.000 0.387 0.299 0.049 0.086
1.000 0.171 0.248 0.029 0.050
1.000 0.195 0.312 0.050 0.082
1.000 0.199 0.379 0.028 0.053
1.000 0.082 0.335 0.027 0.052
1.000 0.034 0.447 0.045 0.072
1.000 0.400 0.475 0.033 0.048
1.000 0.425 0.528 0.031 0.056
1.000 0.377 0.549 0.045 0.077
1.000 0.330 0.601 0.049 0.061
1.000 0.307 0.661 0.026 0.048
1.000 0.652 0.487 0.032 0.071
